401826859
401829447
401825586
401824943
401827511
401823513
401820577
401827734
401827274
401824867
401823425
401823374
401822757
401813272
401826885
401812785
401826784
401823483
401827219
401817262
401829496
401829437
401829429
401829423
401829052
401829048
401829042
401828718
401828642
401828575
401828469
401828335
401828306
401827503
401827448
401827261
401826991
401826855
401826766
401826760
401826697
401826068
401823588
401823468
401823454
401823415
401823407
401823381
401823224
401823187
401823008
401822734
401822666
401822317
401820613
401820595
401820149
401819842
401817517
401817476
401817441
401817252
401817211
401817163
401813373
401813345
401812916
401812642
401812625
401812350
401809073
401813319
401812659
401829442
401827087
401826891
401826850
401824356
401823358
401823330
401823213
401820296
401811965
401824809
401812260
401812282
401819882
401823474
401826911
401829451
401829426
401829384
401828916
401828330
401828281
401827171
401826967
401826812
401826792
401826085
401825381
401824946
401824823
401823864
401823460
401823367
401823020
401822339
401822308
401820796
401820209
401819823
401817527
401817452
401817182
401817153
401817141
401809413
401808948
401808890
401826083
401827170
401830627
401828274
401826842
401823756
401820484
401812379
401811101
401817239
401824031
401829471
401828472
401828287
401827910
401826930
401824068
401823813
401823807
401823521
401823391
401820182
401819905
401819860
401819834
401827439
401826917
401824054
401823508
401830113
401829477
401826906
401826724
401826041
401824125
401824087
401824037
401823255
401822728
401817218
401813756
401828922
401823530
401827127
401823449
401817194
401830655
401828511
401827039
