401828301
401828911
401818367
401829342
401827273
401812599
401828495
401827449
401824357
401822724
401817164
401823426
401823392
401826869
401822330
401817263
401829486
401829448
401826706
401826698
401826069
401825382
401825204
401824868
401824302
401824134
401823647
401823352
401823009
401822318
401820797
401819843
401818547
401817528
401817487
401817442
401817132
401813445
401812917
401812573
401809074
401812786
401831071
401828492
401826892
401822166
401820614
401819899
401829345
401828917
401826918
401826860
401825587
401824945
401822735
401822366
401823225
401823461
401829277
401823514
401818298
401808949
401824023
401828473
401823554
401823509
401823002
401817253
401826927
401826922
401826804
401824119
401824055
401813757
401829430
401823531
