401812261
401827233
401827059
401820596
401828336
401827277
401827237
401822667
401817477
401817229
401817142
401826843
401824854
401823469
401823188
401822309
401813435
401813374
401812283
401824810
401823382
401829488
401829412
401826725
401820210
401819861
401822177
401831377
401829324
401827518
401827504
401824824
401823865
401823814
401822729
401820550
401817518
401817465
401813347
401808891
401823037
401826977
401823305
401820823
401820622
401827757
401826771
401824885
401817173
401826785
401826880
401823451
401820485
401819906
401822994
401828526
401826793
401823455
401823322
401819889
401811966
401812660
401824038
401820396
401823539
401826907
401824126
401824062
401824032
